UNRATE	HOUSE	DURATION	SAVINGS
6	1657	16,3	11,2
5,9	1667	15,5	10,6
5,6	1620	15,3	10,3
5,2	1590	14,9	11,1
5,1	1498	14,7	10,6
5	1503	14,9	10,5
5,1	1547	14,3	10,6
5,2	1430	13,7	9,6
5,5	1540	13,7	8,7
5,7	1355	12,9	9,4
5,8	1416	13,1	10
5,3	1601	13,1	10,9
5,2	1460	13,5	11
4,8	1503	13,1	10,6
5,4	1109	13	9,4
5,2	1289	12,6	8,3
5,1	1271	11,9	10,4
5,4	1247	11,9	10,4
5,5	1197	12,6	10,3
5,6	1344	12,2	10,3
5,5	1097	12,9	10
6,1	1246	13,5	9,9
6,1	1246	13,9	9,8
6,6	1063	12,4	10,4
6,6	1183	13,7	11,1
6,9	1226	13,6	11,1
6,9	1312	14,1	10,4
7	1166	15,5	10,6
7,1	1228	15,6	10,7
6,9	1382	16,2	11,5
7	1335	17,3	12
6,6	1312	17	11,7
6,7	1429	16,1	11,3
6,5	1415	15,9	11,6
6,1	1385	17	11,6
6	1365	15,8	11,5
5,8	1361	15,3	11,2
5,5	1278	16	11,7
5,6	1443	15	11,6
5,6	1524	14,9	11,6
5,5	1483	15,5	10,9
5,5	1404	15,1	11,5
5,4	1450	14,6	11,5
5,7	1517	14,5	11,3
5,6	1324	14,1	10,3
5,4	1533	14,1	11,1
5,7	1622	13,3	10,3
5,5	1564	13,6	10,2
5,7	1244	13,8	10,9
5,9	1456	14,1	10,6
5,7	1534	14,5	10,5
5,7	1689	14,5	10,6
5,9	1641	14,5	10,8
5,6	1588	14	10,4
5,6	1614	14	10
5,4	1639	13,9	10,1
5,5	1763	14,2	10,9
5,5	1779	13,9	11,4
5,7	1622	13,3	10,9
5,5	1491	13,3	10,6
5,6	1603	13,5	10,7
5,4	1820	13,2	10,3
5,4	1517	13,5	12
5,3	1448	12,4	12,3
5,1	1467	13,6	11,6
5,2	1550	13,6	11,4
4,9	1562	14,7	11
5	1569	13	11
5,1	1455	12,7	11,7
5,1	1524	12,6	11,1
4,8	1486	14	12,4
5	1484	12,7	12,4
4,9	1361	12,2	12
5,1	1433	12,6	10,6
4,7	1423	12	10,6
4,8	1438	11,4	10,1
4,6	1478	11,1	11,1
4,6	1488	11,6	11,9
4,4	1529	11,6	11,8
4,4	1432	11,9	11,6
4,3	1482	11,9	12,5
4,2	1452	12,1	10,8
4,1	1460	11,7	11,5
4	1656	11,4	11,6
4	1370	11,9	11,2
3,8	1378	11,2	10,9
3,8	1394	11,1	10,5
3,8	1352	10,8	10,2
3,9	1265	10,2	11,1
3,8	1194	9,7	11,3
3,8	1086	9,7	10,8
3,8	1119	9,8	11,1
3,7	1046	10,1	10,8
3,7	843	10,3	11,5
3,6	961	9,7	11,7
3,8	990	9,5	11,5
3,9	1067	9,3	12
3,8	1123	9,2	12,4
3,8	1056	8,9	12,6
3,8	1091	8,8	11,7
3,8	1304	8,7	11,9
3,9	1248	8,3	11,7
3,8	1364	8,3	12,5
3,8	1407	8,9	12,5
3,8	1421	8,4	11,7
4	1491	8,7	12,5
3,9	1538	8,9	12,5
3,8	1308	8,6	12,1
3,7	1380	9,4	11,7
3,8	1520	8,7	12,2
3,7	1466	8,5	11,6
3,5	1554	8,7	12,2
3,5	1408	8,2	12
3,7	1405	7,9	11,6
3,7	1512	8,4	10,6
3,5	1495	8,3	10,4
3,4	1556	8,2	10,4
3,4	1569	8,4	10,6
3,4	1630	8,1	10,4
3,4	1548	8,2	10,9
3,4	1769	8,1	10
3,4	1705	7,9	9,4
3,4	1561	7,9	9,9
3,4	1524	7,9	9,5
3,4	1583	7,9	10
3,5	1528	7,7	10,9
3,5	1368	7,8	11,7
3,5	1358	7,9	11,5
3,7	1507	8	11,5
3,7	1381	7,6	11,3
3,5	1229	8	11,5
3,5	1327	8	11,7
3,9	1085	7,9	11,7
4,2	1305	8	11,6
4,4	1319	8,3	12,3
4,6	1264	8,2	13,3
4,8	1290	8,6	12,3
4,9	1385	8,6	11,7
5	1517	8,9	13,2
5,1	1399	8,8	13,1
5,4	1534	8,9	12,9
5,5	1580	8,7	13
5,9	1647	9,3	13,3
6,1	1893	9,8	12,9
5,9	1828	10,5	13,1
5,9	1741	10,4	13,1
6	1910	10,6	13,3
5,9	1986	10,9	13
5,9	2049	11,2	13,4
5,9	2026	11,6	14,4
6	2083	11,5	13,6
6,1	2158	11,5	13,6
6	2041	11,9	12,9
5,8	2128	12,6	13
6	2182	12	12,8
6	2295	11,5	12,9
5,8	2494	12,1	12,4
5,7	2390	12,4	12,6
5,8	2334	12,3	11,5
5,7	2249	12,4	11,3
5,7	2221	12,3	11,5
5,7	2254	12,4	11,4
5,6	2252	11,8	11,4
5,6	2382	11,8	11,8
5,5	2481	12,1	12
5,6	2485	11,7	12,7
5,3	2421	11,4	13,4
5,2	2366	11,4	13,4
4,9	2481	11	12,1
5	2289	10,5	12,2
4,9	2365	10,6	12,4
5	2084	10	12,8
4,9	2266	10,1	12,8
4,9	2067	9,6	13,2
4,8	2123	9,6	12,8
4,8	2051	9,8	13,6
4,8	1874	9,4	12,8
4,6	1677	10,2	14
4,8	1724	9,9	14
4,9	1526	9,5	14,4
5,1	1451	9,5	14
5,2	1752	9,6	13,8
5,1	1555	9,7	13
5,1	1607	9,8	12,7
5,1	1426	9,6	12,3
5,4	1513	9,7	12,5
5,5	1316	9,9	12,7
5,5	1142	9,8	11,6
5,9	1150	9,6	12,3
6	1070	9,9	13
6,6	1026	9,6	13,4
7,2	975	10,1	13,6
8,1	1032	10,7	12,8
8,1	904	11,7	12,1
8,6	993	11,8	12,3
8,8	1005	12,9	13,9
9	1121	13,4	17
8,8	1087	15,3	13,9
8,6	1226	15	12,3
8,4	1260	15,6	12,6
8,4	1264	16,1	12,6
8,4	1344	15,4	13
8,3	1360	16,6	12,3
8,2	1321	16,5	11,5
7,9	1367	16,6	11,3
7,7	1538	16,3	11,9
7,6	1421	16,5	11,8
7,7	1395	15,9	11,2
7,4	1459	15	11,8
7,6	1495	16,9	10,9
7,8	1401	15,7	11,2
7,8	1550	15,6	11,2
7,6	1720	15,2	10,8
7,7	1629	15,2	10,6
7,8	1641	15,3	10,9
7,8	1804	15,1	9,9
7,5	1527	15,2	9,8
7,6	1943	14,7	8,5
7,4	2063	14,5	9,8
7,2	1892	14,4	9,9
7	1971	14,9	9,8
7,2	1893	14,4	10,2
6,9	2058	14,3	10,1
7	2020	13,9	10,5
6,8	1949	14	10,7
6,8	2042	13,7	10,7
6,8	2042	13,6	10,8
6,4	2142	13,6	11
6,4	1718	12,9	11,4
6,3	1738	12,5	10,7
6,3	2032	12,4	10,5
6,1	2197	12,3	10,3
6	2075	12,1	9,8
5,9	2070	12,1	9,5
6,2	2092	12	10,3
5,9	1996	11,4	9,9
6	1970	11,4	10
5,8	1981	11,7	10,2
5,9	2094	11,1	10
6	2044	10,6	10
5,9	1630	11,1	10,6
5,9	1520	11,2	10,5
5,8	1847	11,7	10,7
5,8	1748	11	10,4
5,6	1876	11,1	9,8
5,7	1913	10,4	9,3
5,7	1760	10,3	10
6	1778	10,6	9,2
5,9	1832	10,5	8,9
6	1681	10,5	9,3
5,9	1524	10,6	9,4
6	1498	10,8	9,8
6,3	1341	10,4	9,6
6,3	1350	10,6	9,8
6,3	1047	11	9,8
6,9	1051	11,4	10,5
7,5	927	10,9	10,6
7,6	1196	11,3	10,4
7,8	1269	11,8	10,5
7,7	1436	12,4	10,6
7,5	1471	12,9	11,1
7,5	1523	13,1	11
7,5	1510	13,6	11,5
7,2	1482	13,7	11,2
7,5	1547	14,3	10,5
7,4	1246	14,1	10,4
7,4	1306	14	10,3
7,2	1360	13,9	10,3
7,5	1140	13,6	10,4
7,5	1045	13,7	10,2
7,2	1041	13,8	11,7
7,4	940	14,4	11,4
7,6	911	13,6	11,9
7,9	873	13,5	12,5
8,3	837	13,1	12,7
8,5	910	13,1	12
8,6	843	13,4	12,2
8,9	866	14,1	11,6
9	931	14,1	11,7
9,3	917	14,5	12,4
9,4	1025	14,9	11,7
9,6	902	15,7	11,6
9,8	1166	15,4	12
9,8	1046	16,2	11,9
10,1	1144	16,6	11,1
10,4	1173	17,2	10,7
10,8	1372	17,1	10,3
10,8	1303	18,1	10,3
10,4	1586	19,4	10,4
10,4	1699	19,2	10,5
10,3	1606	19,4	10
10,2	1472	19,5	9,6
10,1	1776	20,5	9,4
10,1	1733	20,8	8,5
9,4	1785	21,2	9
9,5	1910	20	8,7
9,2	1710	20,2	9
8,8	1715	20,2	9,1
8,5	1785	19,7	9,7
8,3	1688	19,2	9,5
8	1897	20,4	9,4
7,8	2260	19	11,1
7,8	1663	19,1	10,9
7,7	1851	18,9	10,9
7,4	1774	18,8	10,5
7,2	1843	18,1	10,5
7,5	1732	18	11
7,5	1586	17,3	11,2
7,3	1698	17	11,2
7,4	1590	16,7	11,2
7,2	1689	17	10,3
7,3	1612	16,8	10,6
7,3	1711	15,9	9,7
7,2	1632	15,9	8,5
7,2	1800	16,1	8,1
7,3	1821	16,4	9,4
7,2	1680	15,3	10,5
7,4	1676	15,5	9
7,4	1684	15,5	8,5
7,1	1743	15,3	7,5
7,1	1676	15,3	6,7
7,1	1834	15,3	8,5
7	1698	15,7	8,4
7	1942	15,1	8
6,7	1972	14,8	8
7,2	1848	15,2	8,7
7,2	1876	14,6	9,3
7,1	1933	14,7	9,1
7,2	1854	14,7	8,6
7,2	1847	15,2	8,8
7	1782	15,2	8,7
6,9	1807	15,5	8,4
7	1687	15,4	6,6
7	1681	15,2	7,8
6,9	1623	15	8,2
6,6	1833	15	6,4
6,6	1774	14,9	9,1
6,6	1784	14,7	7,9
6,6	1726	14,9	7,9
6,3	1614	14,8	3,8
6,3	1628	14,9	7,5
6,2	1594	14,9	7
6,1	1575	14,2	6,8
6	1605	14,4	6,5
5,9	1695	14,2	7
6	1515	14	7,6
5,8	1656	14	7,9
5,7	1400	14,2	8
5,7	1271	14,2	7,5
5,7	1473	14,4	7,9
5,7	1532	13,7	7,5
5,4	1573	13,3	8,1
5,6	1421	13,8	7,7
5,4	1478	13,1	7,8
5,4	1467	13,4	7,9
5,6	1493	13,6	7,8
5,4	1492	13,6	8,2
5,4	1522	13,4	8
5,3	1569	12,6	7,7
5,3	1563	12,9	7,7
5,4	1621	12,6	8
5,2	1425	12,4	8,4
5	1422	12,3	8,9
5,2	1339	12,5	7,9
5,2	1331	12	7,6
5,3	1397	11,1	7,6
5,2	1427	11,8	7,7
5,2	1332	11,4	7,1
5,3	1279	11,5	7,5
5,3	1410	11,9	7,9
5,4	1351	11,7	8
5,4	1251	11,6	7,2
5,4	1551	11,8	7,4
5,3	1437	11,6	8,1
5,2	1289	11,7	7,8
5,4	1248	11,8	8,2
5,4	1212	11,7	8
5,2	1177	11,6	7,9
5,5	1171	11,9	8
5,7	1115	12,2	7,5
5,9	1110	12,4	7,5
5,9	1014	12,2	7,3
6,2	1145	12,4	7,4
6,3	969	12,5	8,2
6,4	798	12,2	8,7
6,6	965	12,7	8,3
6,8	921	12,9	7,4
6,7	1001	13,5	8
6,9	996	12,9	7,7
6,9	1036	13,7	8,2
6,8	1063	13,8	7,6
6,9	1049	13,9	7,9
6,9	1015	14	8,1
7	1079	14,4	8,6
7	1103	14,8	8,4
7,3	1079	15,4	9,1
7,3	1176	16,1	8,8
7,4	1250	16,7	9,2
7,4	1297	17,1	9,2
7,4	1099	17,4	9,4
7,6	1214	17,8	9,4
7,8	1145	18,2	9,5
7,7	1139	18,1	9,1
7,6	1226	18	9,2
7,6	1186	18,1	8,2
7,3	1244	18,9	7,4
7,4	1214	17,9	7,3
7,4	1227	19	9,9
7,3	1210	18,3	8,3
7,1	1210	18,2	8,4
7	1083	17,6	8,3
7,1	1258	17,6	8,2
7,1	1260	17,5	7,7
7	1280	17,8	7,2
6,9	1254	17,7	7
6,8	1300	18	7,1
6,7	1343	18,1	6,3
6,8	1392	18,1	5,6
6,6	1376	18,6	5,6
6,5	1533	18,3	8,4
6,6	1272	18,6	6,4
6,6	1337	19	5,9
6,5	1564	19	6,2
6,4	1465	19	5,8
6,1	1526	19,5	7,1
6,1	1409	18,8	6,3
6,1	1439	19	6,4
6	1450	18,8	5,9
5,9	1474	18,7	6,2
5,8	1450	19,3	6,5
5,6	1511	18	6,4
5,5	1455	17,8	6,5
5,6	1407	17,1	6,9
5,4	1316	17	7,3
5,4	1249	17,3	7
5,8	1267	17,6	6,3
5,6	1314	17	6,5
5,6	1281	15,9	6,1
5,7	1461	16,5	6,4
5,7	1416	16,2	6,1
5,6	1369	16,2	6,1
5,5	1369	16	6,5
5,6	1452	16,4	6
5,6	1431	16,3	5,5
5,6	1467	16,1	6,1
5,5	1491	16,4	6,1
5,5	1424	17,3	6
5,6	1516	17,6	5
5,6	1504	17	6,1
5,3	1467	17,6	6,5
5,5	1472	16,7	6,1
5,1	1557	17,3	5,9
5,2	1475	16,8	6
5,2	1392	16,3	5,8
5,4	1489	15,9	5,8
5,4	1370	15,6	5,7
5,3	1355	16	5,6
5,2	1486	15,8	5,7
5,2	1457	15,5	5,8
5,1	1492	15,6	5,9
4,9	1442	15,4	6,2
5	1494	15,5	6
4,9	1437	16,4	5,5
4,8	1390	16	5,4
4,9	1546	15,9	5,6
4,7	1520	16,1	5,6
4,6	1510	15,4	5,8
4,7	1566	15,9	5,8
4,6	1525	15,6	6,7
4,6	1584	15,4	6,8
4,7	1567	14,5	6,9
4,3	1540	14,7	6,6
4,4	1536	14,7	6,3
4,5	1641	14,1	6,2
4,5	1698	14,1	6,3
4,5	1614	13,7	6,2
4,6	1582	14,4	5,8
4,5	1715	14,1	5,6
4,4	1660	14,5	5,7
4,4	1792	14	5,2
4,3	1748	13,4	5,7
4,4	1670	13,8	5,5
4,2	1710	13,4	5,2
4,3	1553	13,3	4,4
4,2	1611	13,4	4,1
4,3	1559	14,3	4
4,3	1669	13,6	3,9
4,2	1648	13,1	3,8
4,2	1635	13,1	3,3
4,1	1608	13,3	3,7
4,1	1648	12,9	4
4	1708	12,9	3,6
4	1636	13,1	4,6
4,1	1737	12,6	4
4	1604	12,7	3,7
3,8	1626	12,4	4,2
4	1575	12,6	4,1
4	1559	12,3	4,1
4	1463	13,4	4,5
4,1	1541	12,9	4,4
3,9	1507	12,2	3,7
3,9	1549	12,7	3,9
3,9	1551	12,4	3,7
3,9	1532	12,5	3,4
4,2	1600	12,7	3,9
4,2	1625	12,8	4,1
4,3	1590	12,8	4,5
4,4	1649	12,4	4,2
4,3	1605	12,1	3,6
4,5	1636	12,7	3,7
4,6	1670	12,9	4,9
4,9	1567	13,3	6,1
5	1562	13,2	6,3
5,3	1540	13,3	2,7
5,5	1602	14,3	3,4
5,7	1568	14,5	3,8
5,7	1698	14,7	5,5
5,7	1829	15	5,3
5,7	1642	15,4	5,3
5,9	1592	16,3	5,1
5,8	1764	16,8	5,6
5,8	1717	16,9	5,3
5,8	1655	16,9	4,5
5,7	1633	16,5	4,3
5,7	1804	17,6	4,9
5,7	1648	17,8	4,8
5,9	1753	17,6	4,8
6	1788	18,5	4,5
5,8	1853	18,5	4,5
5,9	1629	18,5	4,8
5,9	1726	18,1	4,7
6	1643	19,4	4,6
6,1	1751	19	5,1
6,3	1867	19,9	4,9
6,2	1897	19,7	5,5
6,1	1833	19,2	5,3
6,1	1939	19,5	4,5
6	1967	19,3	4,7
5,8	2083	19,9	4,8
5,7	2057	19,8	4,8
5,7	1911	19,9	4,5
5,6	1846	20,1	4,6
5,8	1998	19,8	4,5
5,6	2003	19,6	4,8
5,6	1981	19,8	4,7
5,6	1828	20,5	5,1
5,5	2002	18,8	4,6
5,4	2024	18,8	4,7
5,4	1905	19,4	3,9
5,5	2072	19,5	3,9
5,4	1782	19,7	3,5
5,4	2042	19,4	6,3
5,3	2144	19,5	2,9
5,4	2207	19,1	2,7
5,2	1864	19,5	2,7
5,2	2061	19,6	2,2
5,1	2025	18,6	3
5	2068	17,9	2,3
5	2054	17,6	2
4,9	2095	18,4	2,5
5	2151	17,9	2,4
5	2065	17,9	2,6
5	2147	17,5	2,8
4,9	1994	17,5	2,9
4,7	2273	16,9	3,8
4,8	2119	17,8	3,9
4,7	1969	17,1	3,8
4,7	1821	16,7	3,5
4,6	1942	17,1	3,3
4,6	1802	16,6	3,4
4,7	1737	17,1	2,9
4,7	1650	17,1	3,1
4,5	1720	17,1	3,1
4,4	1491	16,3	3,2
4,5	1570	16,2	3,3
4,4	1649	16,1	3,1
4,6	1409	16,3	3,1
4,5	1480	16,7	3,3
4,4	1495	17,8	3,6
4,5	1490	16,9	3,3
4,4	1415	16,6	3
4,6	1448	16,5	2,9
4,7	1354	17,2	2,9
4,6	1330	17	2,7
4,7	1183	16,3	2,9
4,7	1264	17	2,9
4,7	1197	17,3	2,6
5	1037	16,6	3,1
5	1084	17,5	3,5
4,9	1103	16,9	4
5,1	1005	16,5	4,1
5	1013	16,9	3,6
5,4	973	16,6	8
5,6	1046	17,1	5,6
5,8	923	17	4,5
6,1	844	17,7	3,8
6,1	820	18,6	4,5
6,5	777	19,9	5,5
6,8	652	18,9	6,4
7,3	560	19,9	6,5
7,8	490	19,8	6,4
8,3	582	20,1	5,8
8,7	505	20,9	6
9	478	21,6	6,7
9,4	540	22,4	8,1
9,5	585	23,9	6,6
9,5	594	25,1	6
9,6	586	25,3	4,9
9,8	585	26,7	6
10	534	27,4	5,5
9,9	588	29	5,8
9,9	581	29,7	5,8
9,8	614	30,4	5,7
9,8	604	29,8	5,3
9,9	636	31,6	5,1
9,9	687	33,2	5,7
9,6	583	33,9	6,1
9,4	536	34,4	5,9
9,5	546	33,8	5,9
9,5	599	33,6	5,8
9,5	594	33,4	5,6
9,5	543	34	5,4
9,8	545	34,1	5,3
9,3	539	34,8	5,8
9,1	630	37,3	6,3
9	517	37,4	6,4
8,9	600	39,2	5,9
9	554	38,6	5,7
9	561	39,5	5,7
9,1	608	39,6	5,9
9	623	40,4	6
9	585	40,3	5,8
9	650	40,4	5,3
8,9	610	38,9	5
8,6	711	40,7	4,8
8,5	694	40,7	5,4
8,3	723	40,2	5,6
8,3	713	39,9	5,4
8,2	707	39,5	5,4
8,1	754	39,1	5,3
8,2	711	39,6	5,4
8,2	757	39,7	5,6
8,2	741	38,8	5,1
8,1	749	39,3	4,9
7,8	854	39,6	4,8
7,9	864	39,9	5
7,8	842	39,7	5,9
7,8	983	38,1	8,7
7,9	898	35,3	3,6
7,7	969	36,9	4,2
7,6	1005	37,1	4,3
7,5	852	36,5	4,4
7,6	919	36,9	4,6
7,6	846	35,6	4,4
